AA,85.156,73.398,63.774,55.821,49.218,43.568,38.695,34.667,31.029
AK,65.672,48.917,39.187,33.09,28.643,25.309,22.376,20.049,18.065
AQ,64.893,47.517,37.669,31.22,26.792,23.276,20.589,18.326,16.429
AJ,63.98,46.217,36.146,29.683,25.219,21.816,19.221,17.03,15.271
AT,63.148,44.994,34.824,28.426,23.908,20.668,18.059,16.127,14.328
A9,61.238,42.297,31.915,25.512,21.213,18.086,15.66,13.811,12.183
A8,60.312,41.176,30.807,24.436,20.207,17.093,14.789,13.009,11.59
A7,59.334,40.053,29.642,23.389,19.316,16.384,14.159,12.454,11.015
A6,58.197,38.661,28.452,22.392,18.467,15.669,13.57,11.975,10.701
A5,58.285,39.046,28.986,22.985,19.099,16.306,14.239,12.591,11.207
A4,57.293,38.129,28.11,22.358,18.565,15.835,13.822,12.211,10.883
A3,56.435,37.058,27.322,21.648,18.011,15.347,13.426,11.912,10.702
A2,55.564,36.205,26.437,20.917,17.329,14.844,12.925,11.499,10.298
KK,82.401,68.914,58.254,49.817,42.989,37.334,32.948,29.129,26.091
KQ,61.905,45.003,35.934,30.085,25.826,22.617,19.958,17.821,15.941
KJ,61.025,43.755,34.418,28.522,24.355,21.124,18.604,16.577,14.924
KT,60.226,42.644,33.211,27.224,23.157,20.016,17.639,15.57,13.99
K9,58.29,40.018,30.341,24.462,20.469,17.41,15.097,13.289,11.796
K8,56.558,37.785,27.99,22.308,18.382,15.669,13.448,11.834,10.487
K7,55.787,36.751,27.181,21.44,17.678,14.932,12.789,11.249,9.943
K6,54.813,35.751,26.174,20.589,16.958,14.289,12.363,10.838,9.618
K5,54.007,34.811,25.341,19.909,16.329,13.784,11.971,10.471,9.301
K4,52.949,33.897,24.588,19.269,15.792,13.429,11.617,10.186,9.052
K3,52.089,32.987,23.827,18.712,15.396,13.02,11.318,9.951,8.875
K2,51.138,32.117,23.115,18.095,14.907,12.708,11.025,9.786,8.734
QQ,79.935,64.956,53.508,44.732,37.91,32.553,28.299,24.964,22.282
QJ,58.617,42.085,33.293,27.678,23.737,20.66,18.19,16.26,14.581
QT,57.902,40.869,32.079,26.457,22.575,19.609,17.227,15.288,13.778
Q9,55.923,38.237,29.288,23.709,19.853,16.926,14.695,13.056,11.668
Q8,54.196,36.13,27.055,21.524,17.842,15.097,13.136,11.44,10.193
Q7,52.464,33.878,24.853,19.605,16.048,13.52,11.614,10.196,9.031
Q6,51.59,33.155,24.056,18.88,15.478,13.01,11.195,9.777,8.707
Q5,50.76,32.271,23.318,18.23,14.902,12.554,10.878,9.483,8.386
Q4,49.806,31.345,22.551,17.605,14.441,12.121,10.571,9.236,8.205
Q3,48.947,30.394,21.848,17.03,13.964,11.84,10.213,8.951,8.015
Q2,47.891,29.558,21.121,16.5,13.52,11.463,9.926,8.809,7.831
JJ,77.502,61.226,49.155,40.304,33.559,28.528,24.551,21.643,19.293
JT,55.795,39.772,31.485,26.123,22.304,19.476,17.118,15.395,13.882
J9,53.885,37.166,28.722,23.324,19.661,16.888,14.787,13.094,11.802
J8,52.141,34.83,26.434,21.229,17.664,15.097,13.155,11.543,10.4
J7,50.333,32.768,24.334,19.201,15.877,13.442,11.569,10.232,9.117
J6,48.532,30.704,22.334,17.489,14.233,12.053,10.306,9.035,7.979
J5,47.902,30.009,21.679,16.907,13.862,11.601,9.947,8.754,7.772
J4,46.894,29.15,20.991,16.343,13.319,11.185,9.71,8.455,7.599
J3,45.936,28.311,20.233,15.794,12.924,10.881,9.366,8.263,7.354
J2,45.108,27.459,19.534,15.283,12.49,10.563,9.176,8.046,7.208
TT,74.955,57.602,45.125,36.329,29.977,25.211,21.664,19.156,17.063
T9,52.24,36.365,28.445,23.363,19.807,17.171,15.031,13.452,12.215
T8,50.313,34.137,26.235,21.209,17.779,15.283,13.462,12.022,10.799
T7,48.519,32.129,24.15,19.311,16.007,13.697,11.906,10.519,9.484
T6,46.809,30.043,22.199,17.369,14.376,12.194,10.514,9.298,8.349
T5,45.013,28.006,20.231,15.864,12.955,10.879,9.333,8.233,7.322
T4,44.242,27.299,19.753,15.348,12.51,10.557,9.083,7.926,7.125
T3,43.339,26.512,19.05,14.809,12.096,10.189,8.855,7.753,6.911
T2,42.487,25.705,18.411,14.276,11.717,9.907,8.556,7.551,6.768
99,71.974,53.597,41.173,32.56,26.59,22.453,19.382,17.163,15.61
98,48.814,33.541,25.827,20.988,17.588,15.166,13.238,11.78,10.69
97,47.07,31.494,23.923,19.239,16.074,13.742,12.038,10.783,9.768
96,45.185,29.443,21.932,17.493,14.382,12.354,10.723,9.518,8.627
95,43.419,27.443,20.1,15.822,12.949,10.948,9.419,8.37,7.531
94,41.455,25.454,18.281,14.169,11.537,9.683,8.368,7.384,6.571
93,40.822,24.918,17.763,13.778,11.113,9.383,8.103,7.078,6.324
92,40.011,24.118,17.212,13.219,10.745,9.066,7.847,6.89,6.193
88,69.167,49.946,37.61,29.533,24.05,20.292,17.69,15.864,14.453
87,45.845,31.261,23.871,19.375,16.205,13.927,12.345,11.097,10.109
86,43.93,29.303,22.134,17.734,14.795,12.763,11.252,10.075,9.222
85,42.195,27.33,20.286,15.991,13.306,11.393,9.959,8.974,8.137
84,40.325,25.367,18.555,14.437,11.873,10.009,8.795,7.846,7.059
83,38.318,23.382,16.701,12.927,10.54,8.861,7.695,6.78,6.111
82,37.566,22.778,16.207,12.537,10.171,8.595,7.402,6.575,5.918
77,66.311,46.508,34.402,26.828,21.825,18.58,16.346,14.811,13.66
76,43.169,29.29,22.3,17.982,15.12,13.064,11.563,10.546,9.579
75,41.258,27.452,20.641,16.506,13.79,12.032,10.645,9.582,8.792
74,39.413,25.463,18.81,14.927,12.351,10.649,9.406,8.434,7.747
73,37.486,23.448,16.981,13.317,10.909,9.347,8.176,7.327,6.599
72,35.431,21.541,15.276,11.867,9.672,8.217,7.179,6.362,5.729
66,63.251,43.183,31.564,24.547,20.068,17.254,15.362,14.002,13.066
65,40.808,27.596,20.963,16.794,14.253,12.431,11.103,10.081,9.304
64,38.914,25.663,19.171,15.371,12.989,11.329,10.095,9.196,8.426
63,36.956,23.775,17.363,13.837,11.503,10.022,8.894,8.077,7.383
62,34.94,21.77,15.652,12.298,10.191,8.735,7.719,6.932,6.31
55,60.357,40.02,28.876,22.472,18.52,15.978,14.415,13.278,12.373
54,38.852,26.263,19.941,15.961,13.582,11.917,10.752,9.785,9.084
53,37.12,24.434,18.22,14.629,12.412,10.891,9.802,8.951,8.237
52,35.234,22.505,16.475,13.14,11.017,9.561,8.597,7.793,7.168
44,56.987,36.755,26.231,20.584,17.281,15.216,13.889,12.881,12.122
43,36.037,23.563,17.381,13.842,11.755,10.338,9.187,8.395,7.71
42,34.092,21.716,15.803,12.563,10.614,9.245,8.283,7.543,6.922
33,53.699,33.681,23.955,18.963,16.284,14.573,13.448,12.656,11.966
32,33.198,20.79,15.063,11.891,9.957,8.719,7.785,7.043,6.465
22,50.355,30.607,21.954,17.704,15.521,14.2,13.169,12.475,11.959
AKo,65.29,48.191,38.565,32.265,27.874,24.345,21.538,19.171,17.194
AQo,64.467,46.856,36.832,30.525,25.927,22.41,19.654,17.455,15.567
AJo,63.555,45.438,35.377,28.816,24.355,20.958,18.212,16.143,14.293
ATo,62.853,44.301,34.025,27.478,23.004,19.699,17.13,15.033,13.41
A9o,60.743,41.513,31.085,24.6,20.278,17.029,14.621,12.727,11.156
A8o,59.894,40.359,29.872,23.481,19.205,16.186,13.816,11.963,10.524
A7o,58.819,39.236,28.727,22.446,18.296,15.336,13.141,11.311,9.989
A6o,57.647,37.874,27.556,21.445,17.471,14.602,12.493,10.855,9.566
A5o,57.711,38.179,27.977,22.002,17.961,15.243,13.099,11.505,10.141
A4o,56.756,37.125,27.117,21.264,17.528,14.816,12.684,11.169,9.866
A3o,55.874,36.148,26.418,20.567,16.874,14.332,12.375,10.908,9.592
A2o,54.955,35.25,25.437,19.846,16.345,13.787,11.884,10.389,9.191
KQo,61.456,44.296,35.135,29.245,25.019,21.781,19.08,16.915,15.065
KJo,60.472,43.069,33.624,27.688,23.485,20.3,17.705,15.655,13.999
KTo,59.743,42.012,32.41,26.471,22.269,19.132,16.687,14.639,13.081
K9o,57.734,39.187,29.496,23.53,19.451,16.458,14.125,12.276,10.841
K8o,55.967,36.986,27.106,21.265,17.461,14.582,12.472,10.693,9.422
K7o,55.152,35.916,26.148,20.471,16.633,13.852,11.821,10.176,8.947
K6o,54.188,34.854,25.292,19.587,15.932,13.239,11.257,9.759,8.499
K5o,53.317,33.983,24.384,18.824,15.356,12.755,10.866,9.457,8.224
K4o,52.327,32.981,23.588,18.202,14.75,12.255,10.509,9.068,8.068
K3o,51.471,31.975,22.805,17.656,14.265,11.971,10.245,8.904,7.829
K2o,50.468,31.261,22.101,17.083,13.881,11.613,9.969,8.708,7.676
QJo,58.066,41.351,32.497,27,22.835,19.693,17.313,15.367,13.707
QTo,57.258,40.132,31.251,25.668,21.646,18.701,16.343,14.434,12.901
Q9o,55.359,37.532,28.459,22.787,18.876,16.011,13.811,12.108,10.649
Q8o,53.638,35.288,26.145,20.611,16.796,14.1,12.056,10.487,9.24
Q7o,51.789,33.127,23.957,18.576,15.014,12.493,10.581,9.168,8.016
Q6o,50.959,32.245,23.166,17.812,14.403,12.003,10.138,8.748,7.656
Q5o,50.206,31.331,22.327,17.255,13.839,11.495,9.735,8.455,7.386
Q4o,49.133,30.406,21.561,16.576,13.38,11.114,9.394,8.184,7.155
Q3o,48.251,29.482,20.862,15.998,12.892,10.738,9.133,7.955,6.929
Q2o,47.239,28.583,20.163,15.409,12.399,10.388,8.889,7.702,6.805
JTo,55.315,39.061,30.718,25.316,21.548,18.596,16.309,14.519,13.082
J9o,53.278,36.29,27.814,22.5,18.734,15.95,13.83,12.19,10.919
J8o,51.46,34.109,25.592,20.261,16.745,14.083,12.139,10.642,9.427
J7o,49.64,31.923,23.366,18.228,14.873,12.408,10.702,9.195,8.148
J6o,47.841,29.812,21.384,16.427,13.218,10.958,9.279,8.048,7.036
J5o,47.231,29.132,20.775,15.975,12.821,10.56,8.973,7.716,6.771
J4o,46.105,28.18,19.985,15.308,12.287,10.18,8.617,7.483,6.547
J3o,45.303,27.424,19.273,14.683,11.753,9.858,8.351,7.28,6.329
J2o,44.429,26.501,18.666,14.214,11.399,9.504,8.107,7.017,6.236
T9o,51.551,35.675,27.604,22.518,18.805,16.162,14.114,12.595,11.245
T8o,49.707,33.475,25.427,20.33,16.935,14.336,12.481,11.023,9.927
T7o,47.932,31.269,23.205,18.348,15.071,12.644,10.917,9.596,8.573
T6o,46.11,29.061,21.147,16.498,13.347,11.125,9.569,8.301,7.37
T5o,44.223,27.176,19.353,14.788,11.875,9.849,8.382,7.206,6.389
T4o,43.527,26.473,18.66,14.307,11.425,9.506,8.058,6.943,6.125
T3o,42.594,25.593,17.963,13.741,11.05,9.156,7.778,6.788,5.947
T2o,41.614,24.767,17.322,13.22,10.652,8.821,7.536,6.528,5.755
98o,48.058,32.86,24.99,20.066,16.605,14.203,12.324,10.921,9.828
97o,46.296,30.703,22.963,18.294,15.035,12.785,11.145,9.866,8.879
96o,44.512,28.628,21.113,16.461,13.475,11.371,9.777,8.573,7.692
95o,42.68,26.481,19.093,14.789,11.929,9.923,8.464,7.399,6.568
94o,40.694,24.52,17.279,13.212,10.5,8.704,7.348,6.371,5.527
93o,40.045,23.906,16.749,12.711,10.142,8.345,7.104,6.109,5.352
92o,39.078,23.044,16.148,12.2,9.752,8.037,6.81,5.926,5.209
87o,45.019,30.339,23.029,18.414,15.35,12.99,11.342,10.143,9.216
86o,43.24,28.393,21.24,16.819,13.892,11.775,10.316,9.161,8.324
85o,41.361,26.408,19.338,15.091,12.362,10.413,9.067,7.973,7.227
84o,39.445,24.364,17.413,13.413,10.817,9.091,7.774,6.842,6.091
83o,37.449,22.36,15.617,11.905,9.478,7.865,6.665,5.807,5.151
82o,36.773,21.705,15.093,11.46,9.159,7.567,6.447,5.587,4.973
76o,42.318,28.431,21.432,16.981,14.09,12.161,10.706,9.623,8.815
75o,40.522,26.537,19.669,15.478,12.832,10.999,9.695,8.712,7.927
74o,38.594,24.515,17.774,13.877,11.367,9.691,8.467,7.543,6.833
73o,36.577,22.467,15.984,12.241,9.92,8.356,7.235,6.323,5.724
72o,34.452,20.41,14.209,10.762,8.655,7.196,6.192,5.414,4.801
65o,39.93,26.622,19.973,15.842,13.227,11.478,10.187,9.171,8.382
64o,38.013,24.799,18.327,14.434,11.998,10.292,9.116,8.239,7.528
63o,36.088,22.761,16.396,12.822,10.545,9.016,7.935,7.106,6.492
62o,34.043,20.806,14.633,11.283,9.132,7.765,6.705,5.963,5.396
54o,38.101,25.263,18.9,15.068,12.611,10.987,9.831,8.915,8.175
53o,36.27,23.375,17.251,13.547,11.395,9.939,8.826,8.012,7.319
52o,34.268,21.531,15.407,12.044,9.955,8.595,7.637,6.88,6.284
43o,35.104,22.587,16.428,12.919,10.759,9.352,8.305,7.508,6.921
42o,33.208,20.661,14.765,11.539,9.568,8.235,7.331,6.615,6.033
32o,32.253,19.848,13.905,10.849,8.936,7.725,6.855,6.165,5.58